215,4
215,1
215,3
27,3
14,10
0,273
0,270
0,544
24,1
24,3
14,9
3,2
3,1
3,3
10,211
10,229
10,15
10,105
10,79
10,245
10,71
10,121
11,5
11,15
11,11
9,5
8,17
8,9
8,15
18,1
18,3
14,1
14,6
14,3
13,1
13,3
2,2
2,1
2,3
259,590
259,589
259,588
259,587
259,586
259,585
259,584
259,583
259,582
259,581
259,580
259,579
259,578
259,577
259,576
259,575
259,574
259,573
259,572
259,571
259,570
259,569
259,568
259,567
259,566
259,565
259,564
259,563
259,562
259,561
259,560
259,559
259,558
259,557
259,556
259,555
259,554
259,553
259,552
259,551
259,550
259,549
259,548
259,547
259,546
259,545
259,544
259,543
259,542
259,541
259,540
259,539
259,538
259,537
259,536
259,535
259,534
259,533
259,532
259,531
259,530
259,529
259,528
259,527
259,526
259,525
259,524
259,523
259,1
217,3
217,1
43,4
43,3
43,1
32,5
